Number of lines: 100
Mean: 79.15175219535774
Median: 41.35492360591746
Standard Deviation: 86.55738447735546
Minimum: 1.9953677653877933
Maximum: 389.44660210608566
