Number of lines: 31
Mean: 51.95395369682835
Median: 50.0000696182251
Standard Deviation: 41.327952987662876
Minimum: 8.847667455671557
Maximum: 198.0000512599945
