Number of lines: 100
Mean: 77.59921934127755
Median: 41.27414512634135
Standard Deviation: 85.84231322671711
Minimum: 1.9953677653877933
Maximum: 390.74370312689865
