Number of lines: 78
Mean: 38.468742703758934
Median: 13.963846802733034
Standard Deviation: 38.98110870519422
Minimum: 8.385376691799976
Maximum: 199.00006222724915
