Number of lines: 100
Mean: 59.07179036617225
Median: 29.460962772372994
Standard Deviation: 72.25076747064276
Minimum: 1.9953677653877933
Maximum: 391.3210179805668
