Number of lines: 100
Mean: 77.63378364086097
Median: 41.28030300140239
Standard Deviation: 85.74675478690536
Minimum: 1.9953677653877933
Maximum: 389.1374380588444
