Number of lines: 57
Mean: 34.645622650777156
Median: 26.0000524520874
Standard Deviation: 27.7440744584395
Minimum: 8.38537549970708
Maximum: 93.4071536064278
