Number of lines: 100
Mean: 77.68311681747382
Median: 41.588878750799665
Standard Deviation: 85.77161709093616
Minimum: 1.9953677653877933
Maximum: 388.83504080771525
