Number of lines: 100
Mean: 71.6809508275791
Median: 69.61407303809314
Standard Deviation: 50.560261189862594
Minimum: 8.3929271698
Maximum: 207.1947588920639
