Number of lines: 100
Mean: 80.47810323476737
Median: 41.951146245001325
Standard Deviation: 87.63633810445195
Minimum: 1.9953677653877933
Maximum: 394.24367141722763
