Number of lines: 100
Mean: 38.00615347383719
Median: 13.422154665019374
Standard Deviation: 37.43100331005043
Minimum: 8.385376691799976
Maximum: 173.0000557899475
