Number of lines: 100
Mean: 77.6088849830622
Median: 41.218464136122236
Standard Deviation: 85.7849742068218
Minimum: 1.9953677653877933
Maximum: 389.6104879379185
