Number of lines: 100
Mean: 78.86974728822653
Median: 41.28848206996777
Standard Deviation: 86.24961509034323
Minimum: 1.9953677653877933
Maximum: 389.0731170177372
