Number of lines: 100
Mean: 77.49366305112784
Median: 41.325557231901655
Standard Deviation: 85.75009271342753
Minimum: 1.9953677653877933
Maximum: 389.89381551741684
