Number of lines: 11
Mean: 58.63641728054393
Median: 43.00005078315735
Standard Deviation: 51.97744321575678
Minimum: 14.000051021575928
Maximum: 195.00005507469174
