Number of lines: 9
Mean: 0.9938271604478359
Median: 1.0
Standard Deviation: 0.01851851865649227
Minimum: 0.9444444440305232
Maximum: 1.0
