Number of lines: 100
Mean: 77.49192466974203
Median: 41.29320156574108
Standard Deviation: 85.77372105255932
Minimum: 1.9953677653877933
Maximum: 388.9000468254002
