Number of lines: 91
Mean: 0.6320759695801106
Median: 0.6785714328289032
Standard Deviation: 0.30439910374513074
Minimum: 0.0
Maximum: 1.0
