Number of lines: 100
Mean: 78.46319275617545
Median: 41.60876727104045
Standard Deviation: 86.33445385444834
Minimum: 1.9953677653877933
Maximum: 391.7566924095066
