Number of lines: 100
Mean: 59.137505023478404
Median: 29.510900855082213
Standard Deviation: 71.39626891051405
Minimum: 2.676267862234595
Maximum: 392.7588396072212
